Animations :
Jump Over
LeftHand quaternion :
(0.25239, -0.81203, -0.31555, -0.42110);(0.25239, -0.81203, -0.31555, -0.42110);(0.25239, -0.81203, -0.31555, -0.42110);(0.26107, -0.80733, -0.31080, -0.42833);(0.26107, -0.80733, -0.31080, -0.42833);(0.26107, -0.80733, -0.31080, -0.42833);(0.23324, -0.79890, -0.31688, -0.45491);(0.23324, -0.79890, -0.31688, -0.45491);(0.22389, -0.79468, -0.32986, -0.45777);(0.22389, -0.79468, -0.32986, -0.45777);(0.22389, -0.79468, -0.32986, -0.45777);
RightHand quaternion :
(-0.52962, 0.21883, -0.28001, -0.77020);(-0.52962, 0.21883, -0.28001, -0.77020);(-0.52962, 0.21883, -0.28001, -0.77020);(-0.52962, 0.21884, -0.28000, -0.77020);(-0.52962, 0.21884, -0.28000, -0.77020);(-0.52962, 0.21884, -0.28000, -0.77020);(-0.52962, 0.21883, -0.28001, -0.77020);(-0.52962, 0.21883, -0.28001, -0.77020);(-0.52962, 0.21883, -0.28001, -0.77020);(-0.52962, 0.21883, -0.28001, -0.77020);(-0.52962, 0.21883, -0.28001, -0.77020);
LeftHand pos :
(0.28, 0.90, -0.73);(0.28, 0.90, -0.73);(0.28, 0.90, -0.73);(0.28, 0.90, -0.73);(0.28, 0.90, -0.73);(0.28, 0.90, -0.73);(0.28, 0.90, -0.73);(0.28, 0.90, -0.73);(0.28, 0.90, -0.73);(0.28, 0.90, -0.73);(0.28, 0.90, -0.73);
RightHand pos :
(0.36, 0.88, -1.13);(0.36, 0.88, -1.13);(0.36, 0.88, -1.13);(0.36, 0.88, -1.13);(0.36, 0.88, -1.13);(0.36, 0.88, -1.13);(0.36, 0.88, -1.13);(0.36, 0.88, -1.13);(0.36, 0.88, -1.13);(0.36, 0.88, -1.13);(0.36, 0.88, -1.13);
