Animations :
Jump Over
LeftHand quaternion :
(-0.13039, -0.53023, -0.66170, -0.51381);(-0.13039, -0.53023, -0.66170, -0.51381);(-0.13039, -0.53023, -0.66170, -0.51381);(-0.11904, -0.50658, -0.67929, -0.51747);(-0.11904, -0.50658, -0.67929, -0.51747);(-0.11344, -0.49100, -0.70484, -0.49925);(-0.11344, -0.49100, -0.70484, -0.49925);(-0.11344, -0.49100, -0.70484, -0.49925);
RightHand quaternion :
(0.50646, -0.73851, -0.37838, -0.23436);(0.50646, -0.73851, -0.37838, -0.23436);(0.50646, -0.73851, -0.37838, -0.23436);(0.50888, -0.73153, -0.38365, -0.24233);(0.50888, -0.73153, -0.38365, -0.24233);(0.50895, -0.72458, -0.39215, -0.24934);(0.50895, -0.72458, -0.39215, -0.24934);(0.50895, -0.72458, -0.39215, -0.24934);
LeftHand pos :
(-0.01, 0.79, -0.50);(-0.01, 0.79, -0.50);(-0.01, 0.79, -0.50);(-0.01, 0.80, -0.49);(-0.01, 0.80, -0.49);(-0.01, 0.81, -0.48);(-0.01, 0.81, -0.48);(-0.01, 0.81, -0.48);
RightHand pos :
(-0.14, 0.84, -0.72);(-0.14, 0.84, -0.72);(-0.14, 0.84, -0.72);(-0.14, 0.85, -0.71);(-0.14, 0.85, -0.71);(-0.14, 0.85, -0.71);(-0.14, 0.85, -0.71);(-0.14, 0.85, -0.71);
