Animations :
Jump Over
LeftHand quaternion :
(0.25247, -0.67084, -0.26789, -0.64380);(0.25247, -0.67084, -0.26789, -0.64380);(0.26328, -0.67095, -0.25121, -0.64607);(0.26328, -0.67095, -0.25121, -0.64607);(0.26328, -0.67095, -0.25121, -0.64607);(0.25987, -0.67470, -0.25456, -0.64222);(0.25987, -0.67470, -0.25456, -0.64222);(0.26432, -0.67243, -0.24868, -0.64508);(0.26432, -0.67243, -0.24868, -0.64508);(0.26432, -0.67243, -0.24868, -0.64508);
RightHand quaternion :
(-0.52579, 0.23992, -0.29039, -0.76267);(-0.52579, 0.23992, -0.29039, -0.76267);(-0.52579, 0.23992, -0.29039, -0.76267);(-0.52579, 0.23992, -0.29039, -0.76267);(-0.52579, 0.23992, -0.29039, -0.76267);(-0.52579, 0.23992, -0.29039, -0.76267);(-0.52579, 0.23992, -0.29039, -0.76267);(-0.52579, 0.23992, -0.29039, -0.76267);(-0.52579, 0.23992, -0.29039, -0.76267);(-0.52579, 0.23992, -0.29039, -0.76267);
LeftHand pos :
(0.24, 0.87, -0.73);(0.24, 0.87, -0.73);(0.24, 0.87, -0.74);(0.24, 0.87, -0.74);(0.24, 0.87, -0.74);(0.24, 0.87, -0.74);(0.24, 0.87, -0.74);(0.24, 0.87, -0.74);(0.24, 0.87, -0.74);(0.24, 0.87, -0.74);
RightHand pos :
(0.36, 0.88, -1.14);(0.36, 0.88, -1.14);(0.36, 0.88, -1.14);(0.36, 0.88, -1.14);(0.36, 0.88, -1.14);(0.36, 0.88, -1.14);(0.36, 0.88, -1.14);(0.36, 0.88, -1.14);(0.36, 0.88, -1.14);(0.36, 0.88, -1.14);
